H (A/m)	M (A/m)
3978873.5751313814	765546.7167355354
3952347.751297172	765545.7448617207
3925821.9274629634	765544.7597916953
3899296.103628754	765543.7612752822
3872770.279794545	765542.7490778619
3846244.4559603357	765541.7229545445
3819718.632126127	765540.6826415858
3793192.808291918	765539.627882785
3766666.9844577084	765538.5584021697
3740141.160623499	765537.4739308964
3713615.3367892904	765536.3741805576
3687089.512955081	765535.2588686455
3660563.689120872	765534.127696589
3634037.8652866627	765532.9803595294
3607512.041452454	765531.8165521417
3580986.2176182447	765530.6359548832
3554460.3937840355	765529.438242724
3527934.569949826	765528.2230859738
3501408.7461156175	765526.9901373147
3474882.922281408	765525.7390476675
3448357.098447199	765524.4694642056
3421831.27461299	765523.1810173618
3395305.450778781	765521.8733309936
3368779.6269445717	765520.5460195241
3342253.8031103625	765519.1986862347
3315727.9792761537	765517.830928578
3289202.1554419445	765516.4423295446
3262676.3316077353	765515.0324628403
3236150.507773526	765513.6008911945
3209624.6839393172	765512.1471660301
3183098.8601051085	765510.6708271002
3156573.0362708988	765509.171402122
3130047.2124366895	765507.6484064866
3103521.3886024808	765506.1013425202
3076995.564768272	765504.5296996853
3050469.7409340623	765502.932953395
3023943.917099853	765501.3105653017
2997418.0932656443	765499.6619824148
2970892.269431435	765497.9866367273
2944366.445597226	765496.2839447259
2917840.621763017	765494.5533068704
2891314.797928808	765492.7941085746
2864788.9740945986	765491.0057137286
2838263.15026039	765489.1874728829
2811737.3264261805	765487.3387169006
2785211.5025919713	765485.4587577453
2758685.678757762	765483.5468878252
2732159.854923553	765481.6023793672
2705634.031089344	765479.6244836553
2679108.207255135	765477.6124303635
2652582.383420926	765475.565429947
2626056.5595867164	765473.4826602852
2599530.7357525076	765471.3632845007
2573004.911918299	765469.2064378462
2546479.088084089	765467.0112298267
2519953.26424988	765464.776743246
2493427.440415671	765462.502033308
2466901.616581462	765460.186131695
2440375.792747252	765457.8280252421
2413849.9689130434	765455.4266849118
2387324.1450788346	765452.9810448228
2360798.3212446254	765450.4900059546
2334272.497410416	765447.9524349737
2307746.6735762074	765445.3671699233
2281220.849741998	765442.7329908258
2254695.025907789	765440.0486599193
2228169.2020735797	765437.3128927159
2201643.378239371	765434.5243632367
2175117.5544051616	765431.6817023793
2148591.7305709524	765428.7835120094
2122065.906736743	765425.8283008522
2095540.0829025342	765422.8145751698
2069014.2590683252	765419.7407754126
2042488.4352341164	765416.6052898353
2015962.611399907	765413.4064521425
1989436.7875656977	765410.1425390511
1962910.963731489	765406.8117683817
1936385.1398972794	765403.4122960082
1909859.31606307	765399.9422138693
1883333.4922288612	765396.399546915
1856807.6683946522	765392.7822502855
1830281.8445604432	765389.0882064468
1803756.020726234	765385.3152219289
1777230.196892025	765381.4610240648
1750704.3730578157	765377.5232579475
1724178.5492236067	765373.4994813746
1697652.7253893975	765369.3871632834
1671126.9015551885	765365.1836775307
1644601.0777209792	765360.886299401
1618075.2538867702	765356.4922031501
1591549.430052561	765351.99845291
1565023.6062183513	765347.4020016781
1538497.7823841427	765342.699684407
1511971.9585499333	765337.8882127387
1485446.1347157238	765332.964168867
1458920.3108815148	765327.9240001665
1432394.4870473053	765322.7640114012
1405868.663213096	765317.4803593277
1379342.8393788866	765312.069044517
1352817.0155446772	765306.5259035857
1326291.1917104684	765300.8466016368
1299765.367876259	765295.0266231721
1273239.5440420494	765289.0612632306
1246713.7202078402	765282.9456174942
1220187.8963736307	765276.6745721733
1193662.0725394217	765270.2427930835
1167136.2487052123	765263.6447140821
1140610.424871003	765256.8745248375
1114084.6010367938	765249.9261577413
1087558.7772025845	765242.793274014
1061032.9533683753	765235.46924897
1034507.129534166	765227.9471564689
1007981.3056999566	765220.219752381
981455.4818657474	765212.2794558477
954929.658031538	765204.1183316422
928403.8341973288	765195.7280684152
901878.0103631194	765187.0999587519
875352.1865289103	765178.2248741474
848826.3626947008	765169.0932423234
822300.5388604916	765159.6950186829
795774.7150262822	765150.0196602434
769248.8911920731	765140.0560932233
742723.0673578638	765129.7926819037
716197.2435236546	765119.2171934455
689671.4196894455	765108.3167601689
663145.5958552363	765097.0778395312
636619.772021027	765085.4861709841
610093.9481868178	765073.5267293425
583568.1243526087	765061.1836747482
557042.3005183995	765048.4402981094
530516.4766841902	765035.2789633443
503990.65284998104	765021.6810451439
477464.82901577186	765007.626859105
450939.0051815626	764993.095589449
424413.18134735344	764978.0652089271
397887.35751314426	764962.5123929473
371361.53367893497	764946.4124237772
344835.70984472585	764929.7390923456
318309.8860105166	764912.4645824012
291784.0621763074	764894.5593562109
265258.2383420982	764875.9920178988
238732.414507889	764856.729173157
212206.5906736798	764836.7352693928
185680.76683947057	764815.972428726
159154.9430052614	764794.4002568664
132629.1191710522	764771.975641465
106103.29533684293	764748.6525200242
79577.47150263375	764724.3816372259
53051.64766842457	764699.1102697686
26525.82383421531	764672.7819219639
6.1733682846189024e-09	764645.3359984907
-26525.823834202976	764616.7074286293
-53051.64766841223	764586.8262652957
-79577.47150262143	764555.6172252323
-106103.2953368306	764522.9991840866
-132629.11917103978	764488.8846297421
-159154.94300524905	764453.1790052266
-185680.76683945823	764415.7800485255
-212206.5906736675	764376.5769525486
-238732.4145078767	764335.4495508265
-265258.23834208585	764292.2672480457
-291784.06217629503	764246.8890626892
-318309.8860105043	764199.1580640719
-344835.7098447135	764148.9060651434
-371361.5336789227	764095.9481199966
-397887.3575131319	764040.0815152293
-424413.18134734116	763981.0836523536
-450939.00518155034	763918.7096017626
-477464.8290157596	763852.6892594611
-503990.65284996876	763782.7240798324
-530516.476684178	763708.4832560164
-557042.3005183872	763629.5993177795
-583568.1243525964	763545.6628846709
-610093.9481868056	763456.2166494188
-636619.7720210148	763360.7481675061
-663145.595855224	763258.6833326397
-689671.4196894332	763149.3684995823
-716197.2435236424	763032.0688724053
-742723.0673578517	762905.9468919162
-769248.8911920608	762770.0457610574
-795774.7150262699	762623.2670544346
-822300.5388604793	762464.3459338797
-848826.3626946885	762291.8065364048
-875352.1865288978	762103.9316778724
-901878.0103631071	761898.698557984
-928403.8341973164	761673.7101551375
-954929.6580315257	761426.0920562174
-981455.4818657349	761152.3726858497
-1007981.3056999443	760848.3026191416
-1034507.1295341535	760508.6123895028
-1061032.9533683627	760126.653471883
-1087558.7772025722	759693.8707471373
-1114084.6010367814	759198.9940886393
-1140610.424870991	758626.7370569969
-1167136.2487052	757955.4068035032
-1193662.0725394094	757152.5961450731
-1220187.8963736186	756165.8238766764
-1246713.7202078279	754897.7657883854
-1273239.5440420373	753110.704370895
-1299765.3678762466	-765295.026637827
-1326291.1917104558	-765300.8469237735
-1352817.015544665	-765306.5262213447
-1379342.8393788743	-765312.069345863
-1405868.6632130835	-765317.4800370798
-1432394.487047293	-765322.7636170824
-1458920.3108815022	-765327.9234917334
-1485446.1347157112	-765332.9634405678
-1511971.9585499207	-765337.8874720067
-1538497.78238413	-765342.6991955246
-1565023.6062183394	-765347.4015494048
-1591549.4300525486	-765351.9980071464
-1618075.253886758	-765356.4916775892
-1644601.0777209667	-765360.8860799421
-1671126.9015551761	-765365.1831030073
-1697652.7253893851	-765369.386933442
-1724178.5492235944	-765373.4989856841
-1750704.3730578034	-765377.5246133003
-1777230.1968920128	-765381.4609332171
-1803756.0207262216	-765385.3151508404
-1830281.8445604306	-765389.0863536362
-1856807.66839464	-765392.7746535558
-1883333.4922288489	-765396.3940051127
-1909859.316063058	-765399.9393808987
-1936385.139897267	-765403.4096866052
-1962910.9637314763	-765406.8093143854
-1989436.7875656853	-765410.1401582492
-2015962.6113998946	-765413.4041430209
-2042488.435234104	-765416.6030500731
-2069014.2590683128	-765419.7386023304
-2095540.0829025218	-765422.8124667201
-2122065.906736731	-765425.8262553707
-2148591.7305709403	-765428.7815267079
-2175117.554405149	-765431.6797908673
-2201643.3782393583	-765434.522507585
-2228169.2020735675	-765437.311091216
-2254695.0259077763	-765440.0469107848
-2281220.8497419856	-765442.7312925212
-2307746.673576195	-765445.3655207494
-2334272.497410404	-765447.9508400963
-2360798.321244613	-765450.4884567729
-2387324.1450788225	-765452.9795398926
-2413849.9689130313	-765455.4252228136
-2440375.7927472405	-765457.8266046768
-2466901.6165814493	-765460.1847514341
-2493427.4404156585	-765462.5006969407
-2519953.2642498678	-765464.7754444584
-2546479.088084077	-765467.0099673865
-2573004.911918286	-765469.2052106237
-2599530.735752495	-765471.3620915827
-2626056.5595867042	-765473.48150054
-2652582.3834209135	-765475.5643023717
-2679108.2072551223	-765477.6113371385
-2705634.0310893315	-765479.6234205238
-2732159.854923541	-765481.6013454642
-2758685.67875775	-765483.5458823096
-2785211.5025919587	-765485.4577797421
-2811737.326426168	-765487.337766163
-2838263.150260377	-765489.1865481021
-2864788.974094586	-765491.004814076
-2891314.7979287948	-765492.7932333153
-2917840.6217630045	-765494.5524567127
-2944366.4455972137	-765496.2831174833
-2970892.269431422	-765497.9858318648
-2997418.093265632	-765499.6611990067
-3023943.917099841	-765501.3098028755
-3050469.74093405	-765502.9322113395
-3076995.564768259	-765504.5289774047
-3103521.3886024687	-765506.1006396026
-3130047.2124366774	-765507.6477222298
-3156573.0362708867	-765509.1707360824
-3183098.8601050954	-765510.6701786658
-3209624.683939305	-765512.1465347013
-3236150.5077735144	-765513.6002761548
-3262676.331607723	-765515.0318639928
-3289202.1554419324	-765516.441746418
-3315727.979276142	-765517.8303607199
-3342253.803110351	-765519.1981331769
-3368779.6269445596	-765520.5454795554
-3395305.450778769	-765521.8728050843
-3421831.274612978	-765523.180505079
-3448357.098447187	-765524.4689652075
-3474882.922281396	-765525.7376274116
-3501408.7461156053	-765526.9896618424
-3527934.5699498146	-765528.2217242068
-3554460.3937840234	-765529.437794689
-3580986.2176182326	-765530.6346540774
-3607512.041452442	-765531.8161268469
-3634037.865286651	-765532.9791136777
-3660563.68912086	-765534.1264906544
-3687089.51295507	-765535.2576880419
-3713615.3367892783	-765536.3730249583
-3740141.1606234876	-765537.4727968776
-3766666.9844576963	-765538.5572919658
-3793192.8082919056	-765539.6267927384
-3819718.632126115	-765540.6815745184
-3846244.455960324	-765541.7219065058
-3872770.279794533	-765542.7480518476
-3899296.103628742	-765543.7602676405
-3925821.9274629517	-765544.7588053414
-3952347.75129716	-765545.7439101739
-3978873.5751313693	-765546.7158228155
