H (A/m)	M (A/m)
3978873.5751313814	871973.7360121955
3952347.751297172	871972.6373779868
3925821.9274629634	871971.5250886978
3899296.103628754	871970.3989278184
3872770.279794545	871969.2586724767
3846244.4559603357	871968.104093981
3819718.632126127	871966.9349433697
3793192.808291918	871965.7509815646
3766666.9844577084	871964.5519497115
3740141.160623499	871963.3375974528
3713615.3367892904	871962.1076588124
3687089.512955081	871960.8618629812
3660563.689120872	871959.5999407609
3634037.8652866627	871958.3216096477
3607512.041452454	871957.0265834566
3580986.2176182447	871955.7145697285
3554460.3937840355	871954.3852695418
3527934.569949826	871953.0383773769
3501408.7461156175	871951.6735796217
3474882.922281408	871950.2905595475
3448357.098447199	871948.8889894157
3421831.27461299	871947.4685380181
3395305.450778781	871946.0288589761
3368779.6269445717	871944.5696056023
3342253.8031103625	871943.090420818
3315727.9792761537	871941.5909378785
3289202.1554419445	871940.0707859157
3262676.3316077353	871938.5295811602
3236150.507773526	871936.9669323316
3209624.6839393172	871935.382439021
3183098.8601051085	871933.7756913962
3156573.0362708988	871932.1462699585
3130047.2124366895	871930.4937452532
3103521.3886024808	871928.8176776039
3076995.564768272	871927.11761699
3050469.7409340623	871925.3931019749
3023943.917099853	871923.643660545
2997418.0932656443	871921.8688090307
2970892.269431435	871920.0680519285
2944366.445597226	871918.2408816003
2917840.621763017	871916.3867778687
2891314.797928808	871914.5052076785
2864788.9740945986	871912.5956246685
2838263.15026039	871910.6574688333
2811737.3264261805	871908.6901678935
2785211.5025919713	871906.6931295651
2758685.678757762	871904.665752016
2732159.854923553	871902.6074162108
2705634.031089344	871900.5174871924
2679108.207255135	871898.3953136157
2652582.383420926	871896.240227221
2626056.5595867164	871894.0515423183
2599530.7357525076	871891.828555202
2573004.911918299	871889.5705473323
2546479.088084089	871887.276770056
2519953.26424988	871884.9464657303
2493427.440415671	871882.5788527916
2466901.616581462	871880.1731285558
2440375.792747252	871877.7284686419
2413849.9689130434	871875.2440261359
2387324.1450788346	871872.7189309808
2360798.3212446254	871870.152295077
2334272.497410416	871867.543187882
2307746.6735762074	871864.8906706673
2281220.849741998	871862.1937724997
2254695.025907789	871859.4514950904
2228169.2020735797	871856.6628118142
2201643.378239371	871853.8266668237
2175117.5544051616	871850.9419823333
2148591.7305709524	871848.0076243965
2122065.906736743	871845.0224511287
2095540.0829025342	871841.9852790198
2069014.2590683252	871838.8948897918
2042488.4352341164	871835.7500291906
2015962.611399907	871832.5494155639
1989436.7875656977	871829.2916994211
1962910.963731489	871825.9755253089
1936385.1398972794	871822.5994712285
1909859.31606307	871819.1620877235
1883333.4922288612	871815.6618753055
1856807.6683946522	871812.0972885203
1830281.8445604432	871808.4667340271
1803756.020726234	871804.7685683324
1777230.196892025	871801.001096646
1750704.3730578157	871797.1625703885
1724178.5492236067	871793.2511853174
1697652.7253893975	871789.2650794123
1671126.9015551885	871785.2023304312
1644601.0777209792	871781.0609537631
1618075.2538867702	871776.8389003642
1591549.430052561	871772.5340524972
1565023.6062183513	871768.1442237988
1538497.7823841427	871763.6671538561
1511971.9585499333	871759.1005068199
1485446.1347157238	871754.4418667703
1458920.3108815148	871749.6887383637
1432394.4870473053	871744.8385370544
1405868.663213096	871739.8885913175
1379342.8393788866	871734.8361355787
1352817.0155446772	871729.6783078053
1326291.1917104684	871724.4121452074
1299765.367876259	871719.034579319
1273239.5440420494	871713.5424316896
1246713.7202078402	871707.9324092711
1220187.8963736307	871702.201099198
1193662.0725394217	871696.3449641718
1167136.2487052123	871690.3603356135
1140610.424871003	871684.2434090411
1114084.6010367938	871677.9902370826
1087558.7772025845	871671.5967235311
1061032.9533683753	871665.0586162135
1034507.129534166	871658.37149983
1007981.3056999566	871651.5307883675
981455.4818657474	871644.5317169887
954929.658031538	871637.3693338535
928403.8341973288	871630.0384907442
901878.0103631194	871622.5338338069
875352.1865289103	871614.8497936443
848826.3626947008	871606.9805746007
822300.5388604916	871598.9201437648
795774.7150262822	871590.6622191452
769248.8911920731	871582.2002564712
742723.0673578638	871573.5274372222
716197.2435236546	871564.6366531303
689671.4196894455	871555.520491682
663145.5958552363	871546.1712213982
636619.772021027	871536.5807740338
610093.9481868178	871526.740724728
583568.1243526087	871516.6422783136
557042.3005183995	871506.276242445
530516.4766841902	871495.633012057
503990.65284998104	871484.702542354
477464.82901577186	871473.4743262752
450939.0051815626	871461.9373680649
424413.18134735344	871450.0801555085
397887.35751314426	871437.8906300782
371361.53367893497	871425.3561561095
344835.70984472585	871412.463485741
318309.8860105166	871399.1987235093
291784.0621763074	871385.5472875718
265258.2383420982	871371.4938674802
238732.414507889	871357.022380764
212206.5906736798	871342.1159244757
185680.76683947057	871326.756724112
159154.9430052614	871310.9260780098
132629.1191710522	871294.6043001793
106103.29533684293	871277.7706540971
79577.47150263375	871260.4032838761
53051.64766842457	871242.4791430143
26525.82383421531	871223.9739130335
6.1733682846189024e-09	871204.8619147907
-26525.823834202976	871185.1160196988
-53051.64766841223	871164.7075459319
-79577.47150262143	871143.606149696
-106103.2953368306	871121.7797067268
-132629.11917103978	871099.194183461
-159154.94300524905	871075.8134976982
-185680.76683945823	871051.5993667993
-212206.5906736675	871026.5111390153
-238732.4145078767	871000.5056165609
-265258.23834208585	870973.5368594545
-291784.06217629503	870945.5559633038
-318309.8860105043	870916.5108307916
-344835.7098447135	870886.3459058959
-371361.5336789227	870855.0018990536
-397887.3575131319	870822.4154637184
-424413.18134734116	870788.5188677766
-450939.00518155034	870753.2395935494
-477464.8290157596	870716.4999490039
-503990.65284996876	870678.2165653979
-530516.476684178	870638.2999363549
-557042.3005183872	870596.6537847914
-583568.1243525964	870553.1745037187
-610093.9481868056	870507.7503664433
-636619.7720210148	870460.2608409657
-663145.595855224	870410.577042165
-689671.4196894332	870358.5552633731
-716197.2435236424	870304.0438443348
-742723.0673578517	870246.8768492945
-769248.8911920608	870186.8738003001
-795774.7150262699	870123.838099336
-822300.5388604793	870057.5552267842
-848826.3626946885	869987.790653114
-875352.1865288978	869914.2874617121
-901878.0103631071	869836.7636452547
-928403.8341973164	869754.9089658307
-954929.6580315257	869668.3813187846
-981455.4818657349	869576.8025698755
-1007981.3056999443	869479.753617009
-1034507.1295341535	869376.7687811746
-1061032.9533683627	869267.3320809756
-1087558.7772025722	869150.8578430947
-1114084.6010367814	869026.6972800142
-1140610.424870991	868894.1170954873
-1167136.2487052	868752.288294675
-1193662.0725394094	868600.2696850464
-1220187.8963736186	868436.9908927026
-1246713.7202078279	868261.21551258
-1273239.5440420373	868071.5266112193
-1299765.3678762466	867866.2773203014
-1326291.1917104558	867643.5434918205
-1352817.015544665	867401.0642639734
-1379342.8393788743	867136.1422331363
-1405868.6632130835	866845.5509786917
-1432394.487047293	866525.3705693103
-1458920.3108815022	866170.7833714609
-1485446.1347157112	865775.7489712677
-1511971.9585499207	865332.5935976491
-1538497.78238413	864831.2578132271
-1565023.6062183394	864258.2563319937
-1591549.4300525486	863594.6128450714
-1618075.253886758	862812.2620565258
-1644601.0777209667	861866.2051861737
-1671126.9015551761	860673.7693197093
-1697652.7253893851	859035.1371233574
-1724178.5492235944	-871793.2518436193
-1750704.3730578034	-871797.1623493034
-1777230.1968920128	-871801.0010614371
-1803756.0207262216	-871804.7671843505
-1830281.8445604306	-871808.4591148526
-1856807.66839464	-871812.0914786131
-1883333.4922288489	-871815.6617259288
-1909859.316063058	-871819.1594398768
-1936385.139897267	-871822.5969740469
-1962910.9637314763	-871825.9730937424
-1989436.7875656853	-871829.2893375339
-2015962.6113998946	-871832.5471159753
-2042488.435234104	-871835.747799851
-2069014.2590683128	-871838.8927186935
-2095540.0829025218	-871841.983164251
-2122065.906736731	-871845.0203916415
-2148591.7305709403	-871848.0056183282
-2175117.554405149	-871850.9400281566
-2201643.3782393583	-871853.8247709974
-2228169.2020735675	-871856.6609646807
-2254695.0259077763	-871859.4496951908
-2281220.8497419856	-871862.1920185423
-2307746.673576195	-871864.8889613927
-2334272.497410404	-871867.5415219783
-2360798.321244613	-871870.1506713759
-2387324.1450788225	-871872.717354084
-2413849.9689130313	-871875.2424888797
-2440375.7927472405	-871877.7269699262
-2466901.6165814493	-871880.1716673841
-2493427.4404156585	-871882.5774280829
-2519953.2642498678	-871884.9450764852
-2546479.088084077	-871887.2754153165
-2573004.911918286	-871889.569226173
-2599530.735752495	-871891.8272702552
-2626056.5595867042	-871894.0502890196
-2652582.3834209135	-871896.2390047209
-2679108.2072551223	-871898.3941210575
-2705634.0310893315	-871900.5163238542
-2732159.854923541	-871902.6062813242
-2758685.67875775	-871904.6646454192
-2785211.5025919587	-871906.6920492555
-2811737.326426168	-871908.6891143542
-2838263.150260377	-871910.6564425469
-2864788.974094586	-871912.5946231285
-2891314.7979287948	-871914.5042301624
-2917840.6217630045	-871916.385823871
-2944366.4455972137	-871918.2399504529
-2970892.269431422	-871920.0656450567
-2997418.093265632	-871921.8679207289
-3023943.917099841	-871923.6413511176
-3050469.74093405	-871925.3922556111
-3076995.564768259	-871927.1153992407
-3103521.3886024687	-871928.8168705925
-3130047.2124366774	-871930.4916157781
-3156573.0362708867	-871932.1442116604
-3183098.8601050954	-871933.7736730155
-3209624.683939305	-871935.3804605852
-3236150.5077735144	-871936.9649930398
-3262676.331607723	-871938.527680151
-3289202.1554419324	-871940.0689224894
-3315727.979276142	-871941.5891114537
-3342253.803110351	-871943.0886283752
-3368779.6269445596	-871944.567848221
-3395305.450778769	-871946.0271358952
-3421831.274612978	-871947.466848503
-3448357.098447187	-871948.8873351939
-3474882.922281396	-871950.2889373264
-3501408.7461156053	-871951.6719886737
-3527934.5699498146	-871953.0368158264
-3554460.3937840234	-871954.3837380246
-3580986.2176182326	-871955.7130675907
-3607512.041452442	-871957.0251100644
-3634037.865286651	-871958.3201645729
-3660563.68912086	-871959.5985232386
-3687089.51295507	-871960.8604724485
-3713615.3367892783	-871962.1062922665
-3740141.1606234876	-871963.336256807
-3766666.9844576963	-871964.5506344251
-3793192.8082919056	-871965.7496877707
-3819718.632126115	-871966.9336740103
-3846244.455960324	-871968.1028450275
-3872770.279794533	-871969.2574470337
-3899296.103628742	-871970.3977216015
-3925821.9274629517	-871971.5239051493
-3952347.75129716	-871972.6362292164
-3978873.5751313693	-871973.7349206554
